<?xml version="1.0" encoding="utf-8"?>
<COLLADA xmlns="http://www.collada.org/2005/11/COLLADASchema" version="1.4.1">
<asset>
	<contributor>
		<author>Anonymous</author>
		<authoring_tool>Collada Exporter for Blender 2.6+, by Juan Linietsky (juan@codenix.com)</authoring_tool>
	</contributor>
	<created>2021-08-23T00:46:45Z</created>
	<modified>2021-08-23T00:46:45Z</modified>
	<unit meter="1.0" name="meter"/>
	<up_axis>Z_UP</up_axis>
</asset>
<library_geometries>
	<geometry id="id-mesh-22" name="Plane">
		<mesh>
			<source id="id-mesh-22-positions">
				<float_array id="id-mesh-22-positions-array" count="228"> 0.0 0.025355329737067223 0.0024999999441206455 -0.00795496255159378 0.012677664868533611 0.0024999999441206455 0.0 0.012677664868533611 0.004999999888241291 0.0 0.025355329737067223 0.0024999999441206455 0.0 0.012677664868533611 0.004999999888241291 0.00795496255159378 0.012677664868533611 0.0024999999441206455 0.0 -0.012677664868533611 0.004999999888241291 0.010606616735458374 -0.012677664868533611 0.0024999999441206455 0.010606616735458374 0.0 0.0024999999441206455 0.0 0.0 0.007499999832361937 0.0 0.0 0.0 0.019999980926513672 -0.0009999992325901985 0.0024999999441206455 0.019999980926513672 0.0009999992325901985 0.0024999999441206455 -0.019999980926513672 -0.0009999992325901985 0.0024999999441206455 0.0 0.0 0.0 -0.019999980926513672 0.0009999992325901985 0.0024999999441206455 0.019999980926513672 0.0009999992325901985 0.0024999999441206455 0.019999980926513672 -0.0009999992325901985 0.0024999999441206455 0.029999980702996254 0.0 0.0 -0.019999980926513672 -0.0009999992325901985 0.0024999999441206455 -0.019999980926513672 0.0009999992325901985 0.0024999999441206455 -0.029999980702996254 0.0 0.0 0.0 0.004999999888241291 0.0 0.014999985694885254 0.011500000953674316 0.0024999999441206455 0.014999985694885254 0.013499999418854713 0.0024999999441206455 -0.014999985694885254 0.011500000953674316 0.0024999999441206455 0.0 0.004999999888241291 0.0 -0.014999985694885254 0.013499999418854713 0.0024999999441206455 0.014999985694885254 0.013499999418854713 0.0024999999441206455 0.014999985694885254 0.011500000953674316 0.0024999999441206455 0.022499985992908478 0.019999999552965164 0.0 -0.014999985694885254 0.011500000953674316 0.0024999999441206455 -0.014999985694885254 0.013499999418854713 0.0024999999441206455 -0.022499985992908478 0.019999999552965164 0.0 0.0 -0.004999999888241291 0.0 0.014999985694885254 -0.013499999418854713 0.0024999999441206455 0.014999985694885254 -0.011500000953674316 0.0024999999441206455 -0.014999985694885254 -0.013499999418854713 0.0024999999441206455 0.0 -0.004999999888241291 0.0 -0.014999985694885254 -0.011500000953674316 0.0024999999441206455 0.014999985694885254 -0.011500000953674316 0.0024999999441206455 0.014999985694885254 -0.013499999418854713 0.0024999999441206455 0.022499985992908478 -0.019999999552965164 0.0 -0.014999985694885254 -0.013499999418854713 0.0024999999441206455 -0.014999985694885254 -0.011500000953674316 0.0024999999441206455 -0.022499985992908478 -0.019999999552965164 0.0 0.0 0.0 0.007499999832361937 0.010606616735458374 0.0 0.0024999999441206455 0.00795496255159378 0.012677664868533611 0.0024999999441206455 0.0 0.012677664868533611 0.004999999888241291 -0.010606616735458374 0.0 0.0024999999441206455 0.0 0.0 0.007499999832361937 0.0 0.012677664868533611 0.004999999888241291 -0.00795496255159378 0.012677664868533611 0.0024999999441206455 0.0 -0.012677664868533611 0.004999999888241291 0.0 0.0 0.007499999832361937 -0.010606616735458374 0.0 0.0024999999441206455 -0.010606616735458374 -0.012677664868533611 0.0024999999441206455 -0.010606616735458374 -0.012677664868533611 0.0024999999441206455 0.0 -0.025355329737067223 0.0024999999441206455 0.0 -0.012677664868533611 0.004999999888241291 0.010606616735458374 -0.012677664868533611 0.0024999999441206455 0.0 -0.012677664868533611 0.004999999888241291 0.0 -0.025355329737067223 0.0024999999441206455 0.0 0.01996396854519844 0.0037499999161809683 0.00562499463558197 0.03296397253870964 0.00624999962747097 0.00562499463558197 0.036963965743780136 0.00624999962747097 -0.00562499463558197 0.03296397253870964 0.00624999962747097 0.0 0.01996396854519844 0.0037499999161809683 -0.00562499463558197 0.036963965743780136 0.00624999962747097 0.00562499463558197 0.036963965743780136 0.00624999962747097 0.00562499463558197 0.03296397253870964 0.00624999962747097 0.00843749474734068 0.049963973462581635 0.0037499999161809683 -0.00562499463558197 0.03296397253870964 0.00624999962747097 -0.00562499463558197 0.036963965743780136 0.00624999962747097 -0.00843749474734068 0.049963973462581635 0.0037499999161809683</float_array>
				<technique_common>
				<accessor source="#id-mesh-22-positions-array" count="76" stride="3">
					<param name="X" type="float"/>
					<param name="Y" type="float"/>
					<param name="Z" type="float"/>
				</accessor>
				</technique_common>
			</source>
			<source id="id-mesh-22-normals">
				<float_array id="id-mesh-22-normals-array" count="228"> -0.29464367032051086 0.18488259613513947 0.9375519156455994 -0.29464367032051086 0.18488259613513947 0.9375519156455994 -0.29464367032051086 0.18488259613513947 0.9375519156455994 0.29464367032051086 0.18488259613513947 0.9375519156455994 0.29464367032051086 0.18488259613513947 0.9375519156455994 0.29464367032051086 0.18488259613513947 0.9375519156455994 0.3319019377231598 -0.09256059676408768 0.938761830329895 0.3319019377231598 -0.09256059676408768 0.938761830329895 0.3319019377231598 -0.09256059676408768 0.938761830329895 0.3319019377231598 -0.09256059676408768 0.938761830329895 -0.12403485924005508 0.0 0.9922778606414795 -0.12403485924005508 0.0 0.9922778606414795 -0.12403485924005508 0.0 0.9922778606414795 0.12403485924005508 0.0 0.9922778606414795 0.12403485924005508 0.0 0.9922778606414795 0.12403485924005508 0.0 0.9922778606414795 0.24253562092781067 0.0 0.9701424837112427 0.24253562092781067 0.0 0.9701424837112427 0.24253562092781067 0.0 0.9701424837112427 -0.24253562092781067 0.0 0.9701424837112427 -0.24253562092781067 0.0 0.9701424837112427 -0.24253562092781067 0.0 0.9701424837112427 -0.16439905762672424 0.0 0.9863939881324768 -0.16439905762672424 0.0 0.9863939881324768 -0.16439905762672424 0.0 0.9863939881324768 0.16439905762672424 0.0 0.9863939881324768 0.16439905762672424 0.0 0.9863939881324768 0.16439905762672424 0.0 0.9863939881324768 0.31622734665870667 0.0 0.948683500289917 0.31622734665870667 0.0 0.948683500289917 0.31622734665870667 0.0 0.948683500289917 -0.31622734665870667 0.0 0.948683500289917 -0.31622734665870667 0.0 0.948683500289917 -0.31622734665870667 0.0 0.948683500289917 -0.16439905762672424 0.0 0.9863939881324768 -0.16439905762672424 0.0 0.9863939881324768 -0.16439905762672424 0.0 0.9863939881324768 0.16439905762672424 0.0 0.9863939881324768 0.16439905762672424 0.0 0.9863939881324768 0.16439905762672424 0.0 0.9863939881324768 0.31622734665870667 0.0 0.948683500289917 0.31622734665870667 0.0 0.948683500289917 0.31622734665870667 0.0 0.948683500289917 -0.31622734665870667 0.0 0.948683500289917 -0.31622734665870667 0.0 0.948683500289917 -0.31622734665870667 0.0 0.948683500289917 0.371479332447052 0.12949739396572113 0.9193658232688904 0.371479332447052 0.12949739396572113 0.9193658232688904 0.371479332447052 0.12949739396572113 0.9193658232688904 0.371479332447052 0.12949739396572113 0.9193658232688904 -0.371479332447052 0.12949739396572113 0.9193658232688904 -0.371479332447052 0.12949739396572113 0.9193658232688904 -0.371479332447052 0.12949739396572113 0.9193658232688904 -0.371479332447052 0.12949739396572113 0.9193658232688904 -0.3319019377231598 -0.09256059676408768 0.938761830329895 -0.3319019377231598 -0.09256059676408768 0.938761830329895 -0.3319019377231598 -0.09256059676408768 0.938761830329895 -0.3319019377231598 -0.09256059676408768 0.938761830329895 -0.22530286014080048 -0.18849696218967438 0.9558804631233215 -0.22530286014080048 -0.18849696218967438 0.9558804631233215 -0.22530286014080048 -0.18849696218967438 0.9558804631233215 0.22530286014080048 -0.18849696218967438 0.9558804631233215 0.22530286014080048 -0.18849696218967438 0.9558804631233215 0.22530286014080048 -0.18849696218967438 0.9558804631233215 -0.40613889694213867 0.0 0.9138113856315613 -0.40613889694213867 0.0 0.9138113856315613 -0.40613889694213867 0.0 0.9138113856315613 0.40613898634910583 0.0 0.9138112664222717 0.40613898634910583 0.0 0.9138112664222717 0.40613898634910583 0.0 0.9138112664222717 0.6643639206886292 0.0 0.7474092245101929 0.6643639206886292 0.0 0.7474092245101929 0.6643639206886292 0.0 0.7474092245101929 -0.6643639206886292 0.0 0.7474092245101929 -0.6643639206886292 0.0 0.7474092245101929 -0.6643639206886292 0.0 0.7474092245101929</float_array>
				<technique_common>
				<accessor source="#id-mesh-22-normals-array" count="76" stride="3">
					<param name="X" type="float"/>
					<param name="Y" type="float"/>
					<param name="Z" type="float"/>
				</accessor>
				</technique_common>
			</source>
			<source id="id-mesh-22-texcoord-0">
				<float_array id="id-mesh-22-texcoord-0-array" count="152"> 0.034351617097854614 0.9639918804168701 0.031363844871520996 0.9653853178024292 0.03188884258270264 0.9632892608642578 0.034351617097854614 0.9639918804168701 0.03188884258270264 0.9632892608642578 0.03254881501197815 0.9612317085266113 0.027165114879608154 0.8369417190551758 0.027690112590789795 0.8348456025123596 0.03031715750694275 0.8348456025123596 0.029526978731155396 0.8376154899597168 0.08720234036445618 0.8440557718276978 0.09115409851074219 0.8440557718276978 0.0911346971988678 0.8444468975067139 0.08922800421714783 0.8444507122039795 0.09316039085388184 0.8448418378829956 0.08920863270759583 0.8448418378829956 0.1536346971988678 0.8444468975067139 0.1536540985107422 0.8440557718276978 0.15566039085388184 0.8443512916564941 0.15172800421714783 0.8444507122039795 0.15170863270759583 0.8448418378829956 0.14970234036445618 0.8445461988449097 0.08720234036445618 0.8413020372390747 0.09005197882652283 0.8403891324996948 0.09020748734474182 0.8407485485076904 0.08928409218788147 0.8413057327270508 0.09213373064994812 0.8422186374664307 0.08912858366966248 0.8416652679443359 0.15270748734474182 0.8407485485076904 0.15255197882652283 0.8403891324996948 0.15463373064994812 0.8413020372390747 0.15178409218788147 0.8413057327270508 0.15162858366966248 0.8416652679443359 0.14970234036445618 0.8422186374664307 0.08720234036445618 0.8422224521636963 0.09020748734474182 0.842775821685791 0.09005197882652283 0.8431353569030762 0.08912858366966248 0.8436925411224365 0.09213373064994812 0.8431390523910522 0.08928409218788147 0.8440519571304321 0.15255197882652283 0.8431353569030762 0.15270748734474182 0.842775821685791 0.15463373064994812 0.8422224521636963 0.15162858366966248 0.8436925411224365 0.15178409218788147 0.8440519571304321 0.14970234036445618 0.8431390523910522 0.029526978731155396 0.8376154899597168 0.03031715750694275 0.8348456025123596 0.03254881501197815 0.8362317085266113 0.03188884258270264 0.8382892608642578 0.028736799955368042 0.8403853178024292 0.029526978731155396 0.8376154899597168 0.03188884258270264 0.8382892608642578 0.031363844871520996 0.8403853178024292 0.027165114879608154 0.8369417190551758 0.029526978731155396 0.8376154899597168 0.028736799955368042 0.8403853178024292 0.02650514245033264 0.8389992713928223 0.08900514245033264 0.8389992713928223 0.08720234036445618 0.8362390995025635 0.08966511487960815 0.8369417190551758 0.0901901125907898 0.8348456025123596 0.08966511487960815 0.8369417190551758 0.08720234036445618 0.8362390995025635 0.08720234036445618 0.8413020372390747 0.09005197882652283 0.8403891324996948 0.09020748734474182 0.8407485485076904 0.08928409218788147 0.8413057327270508 0.09213373064994812 0.8422186374664307 0.08912858366966248 0.8416652679443359 0.15270748734474182 0.8407485485076904 0.15255197882652283 0.8403891324996948 0.15463373064994812 0.8413020372390747 0.15178409218788147 0.8413057327270508 0.15162858366966248 0.8416652679443359 0.14970234036445618 0.8422186374664307</float_array>
				<technique_common>
				<accessor source="#id-mesh-22-texcoord-0-array" count="76" stride="2">
					<param name="S" type="float"/>
					<param name="T" type="float"/>
				</accessor>
				</technique_common>
			</source>
			<vertices id="id-mesh-22-vertices">
				<input semantic="POSITION" source="#id-mesh-22-positions"/>
			</vertices>
			<polygons count="24">
				<input semantic="VERTEX" source="#id-mesh-22-vertices" offset="0"/>
				<input semantic="NORMAL" source="#id-mesh-22-normals" offset="0"/>
				<input semantic="TEXCOORD" source="#id-mesh-22-texcoord-0" offset="0" set="0"/>
				<p> 0 1 2 </p>
				<p> 3 4 5 </p>
				<p> 6 7 8 9 </p>
				<p> 10 11 12 </p>
				<p> 13 14 15 </p>
				<p> 16 17 18 </p>
				<p> 19 20 21 </p>
				<p> 22 23 24 </p>
				<p> 25 26 27 </p>
				<p> 28 29 30 </p>
				<p> 31 32 33 </p>
				<p> 34 35 36 </p>
				<p> 37 38 39 </p>
				<p> 40 41 42 </p>
				<p> 43 44 45 </p>
				<p> 46 47 48 49 </p>
				<p> 50 51 52 53 </p>
				<p> 54 55 56 57 </p>
				<p> 58 59 60 </p>
				<p> 61 62 63 </p>
				<p> 64 65 66 </p>
				<p> 67 68 69 </p>
				<p> 70 71 72 </p>
				<p> 73 74 75 </p>
			</polygons>
		</mesh>
	</geometry>
</library_geometries>
<library_controllers>
	<controller id="id-controller-23">
		<skin source="#id-mesh-22">
			<bind_shape_matrix> 1.0 0.0 0.0 0.0 0.0 1.0 0.0 0.0 0.0 0.0 1.0 0.0 0.0 0.0 0.0 1.0  </bind_shape_matrix>
			<source id="id-controller-23-joints">
				<Name_array id="id-controller-23-joints-array" count="19"> id-skelbones-2-0 id-skelbones-2-1 id-skelbones-2-2 id-skelbones-2-3 id-skelbones-2-4 id-skelbones-2-5 id-skelbones-2-6 id-skelbones-2-7 id-skelbones-2-8 id-skelbones-2-9 id-skelbones-2-10 id-skelbones-2-11 id-skelbones-2-12 id-skelbones-2-13 id-skelbones-2-14 id-skelbones-2-15 id-skelbones-2-16 id-skelbones-2-17 id-skelbones-2-18</Name_array>
				<technique_common>
				<accessor source="#id-controller-23-joints-array" count="19" stride="1">
					<param name="JOINT" type="Name"/>
				</accessor>
				</technique_common>
			</source>
			<source id="id-controller-23-bind_poses">
				<float_array id="id-controller-23-bind_poses-array" count="304">  100.0000991821289 -0.0 0.0 -0.0 -0.0 99.51598358154297 -9.82785701751709 0.04913924261927605 0.0 9.82785701751709 99.5159912109375 -0.4975794851779938 -0.0 0.0 -0.0 1.0    100.00009155273438 -4.001272372988751e-06 -2.35037205129629e-05 1.3878452875815128e-07 -0.0 98.58174896240234 -16.782554626464844 -1.1848551034927368 2.3841876100050285e-05 16.782554626464844 98.58175659179688 -0.5821045637130737 -0.0 0.0 -0.0 1.0    15.050081253051758 10.57800006866455 -98.29354095458984 0.16273349523544312 35.01626205444336 92.40991973876953 15.306299209594727 -1.942798376083374 92.45201110839844 -36.722293853759766 10.2037353515625 0.7093446254730225 -0.0 0.0 -0.0 1.0    -28.24781036376953 -9.154561996459961 -95.48965454101562 1.061167597770691 20.377382278442383 96.69918060302734 -15.298568725585938 -3.3602936267852783 93.7381591796875 -23.7797794342041 -25.44992446899414 0.47581925988197327 -0.0 0.0 -0.0 1.0    14.559096336364746 -10.772788047790527 98.34632110595703 -0.15957117080688477 -35.01625442504883 92.4099349975586 15.306293487548828 -1.9413422346115112 -92.53060150146484 -36.665626525878906 9.681816101074219 0.714046835899353 -0.0 0.0 -0.0 1.0    -42.04314422607422 5.468763828277588 90.56756591796875 -0.9756537675857544 -20.377382278442383 96.69920349121094 -15.298575401306152 -3.3594460487365723 -88.41468048095703 -24.88727569580078 -39.540950775146484 0.6338873505592346 -0.0 -0.0 -0.0 1.0    6.224910736083984 -0.26541683077812195 -99.80580139160156 0.1247570663690567 99.8061752319336 -3.403509481358924e-06 6.224932670593262 -0.007781633175909519 -0.016524692997336388 -99.9997329711914 0.2649003267288208 -0.0003310541214887053 -0.0 0.0 -0.0 1.0    -24.27942657470703 -7.551922798156738 -96.71347045898438 0.7283820509910583 96.9904556274414 -7.958101377880666e-07 -24.34895133972168 -1.8829717636108398 1.8388125896453857 -99.71451568603516 7.324635982513428 -0.05516430735588074 -0.0 0.0 -0.0 1.0    6.224912166595459 -0.265399307012558 99.80583190917969 -0.1250160038471222 -99.80615997314453 -3.7090439946041442e-06 6.22493314743042 -0.0036307252012193203 -0.01651754230260849 -99.99974822998047 -0.26488593220710754 0.0003318646631669253 -0.0 0.0 -0.0 1.0    -24.279428482055664 -7.551941871643066 96.71348571777344 -0.7273724675178528 -96.99044799804688 -5.684357802238083e-07 -24.348966598510742 -1.8789379596710205 1.838817834854126 -99.71452331542969 -7.324657917022705 0.05508801341056824 0.0 0.0 -0.0 1.0    8.402352333068848 -0.2376466989517212 -99.64620208740234 0.12574581801891327 89.22858428955078 44.5338134765625 7.417715072631836 -0.2319415956735611 44.35857391357422 -89.53604125976562 3.953932046890259 0.4427376091480255 -0.0 0.0 -0.0 1.0    -30.754301071166992 -2.545071840286255 -95.11947631835938 0.7320576906204224 69.4710464477539 67.70970153808594 -24.27324867248535 -1.8305965662002563 65.0228271484375 -73.54547882080078 -19.0555362701416 -0.010410873219370842 -0.0 0.0 -0.0 1.0    8.16676139831543 -0.23764826357364655 99.665771484375 -0.12373343855142593 -89.22856903076172 44.53379821777344 7.417712688446045 -0.2282305657863617 -44.40254592895508 -89.5360336303711 3.424914598464966 0.44524556398391724 -0.0 0.0 -0.0 1.0    -40.1963996887207 -8.560402870178223 91.16463470458984 -0.7236040830612183 -69.47103881835938 67.70968627929688 -24.27326202392578 -1.8277071714401245 -59.64934158325195 -73.08991241455078 -33.1638298034668 0.10244157910346985 0.0 0.0 -0.0 1.0    8.166780471801758 -0.23760616779327393 -99.66577911376953 0.12339404225349426 89.22857666015625 -44.533809661865234 7.417719841003418 -0.2319415956735611 -44.402549743652344 -89.53602600097656 -3.4249625205993652 -0.44339868426322937 -0.0 0.0 -0.0 1.0    -40.19636917114258 -8.560380935668945 -91.16463470458984 0.7252755761146545 69.47103118896484 -67.70967102050781 -24.27325439453125 -1.8305959701538086 -59.64934539794922 -73.08989715576172 33.16379165649414 -0.09996064007282257 -0.0 0.0 -0.0 1.0    8.402352333068848 -0.23764397203922272 99.64620208740234 -0.1260952651500702 -89.22857666015625 -44.5338134765625 7.417718887329102 -0.22823062539100647 44.35858917236328 -89.53604125976562 -3.9539313316345215 -0.44458243250846863 -0.0 0.0 -0.0 1.0    -30.754316329956055 -2.5450637340545654 95.1194839477539 -0.7307787537574768 -69.47103118896484 -67.70970153808594 -24.273256301879883 -1.827707290649414 65.02281188964844 -73.54549407958984 19.05555534362793 0.007706242613494396 -0.0 0.0 -0.0 1.0    -100.00009155273438 -2.3448716092389077e-05 0.00025243169511668384 -1.262157070414105e-06 3.03581465521674e-10 -99.57145690917969 -9.249205589294434 0.04624598100781441 0.00025352174998261034 -9.249444007873535 99.57272338867188 -0.49786317348480225 -0.0 0.0 -0.0 1.0  </float_array>
				<technique_common>
				<accessor source="#id-controller-23-bind_poses-array" count="19" stride="16">
					<param name="TRANSFORM" type="float4x4"/>
				</accessor>
				</technique_common>
			</source>
			<source id="id-controller-23-skin_weights">
				<float_array id="id-controller-23-skin_weights-array" count="127"> 0.29062724113464355 0.9993937611579895 0.5 0.0577649250626564 0.5000103712081909 0.7374576330184937 0.75 0.29062724113464355 0.9993937611579895 0.7374576330184937 0.75 0.5 0.5007846355438232 0.75 0.75 0.5394824743270874 0.5 0.5 0.9999764561653137 0.49449411034584045 0.05081810802221298 1.0 0.0013813721016049385 0.045862335711717606 1.0 1.0 0.001979120774194598 0.05081810802221298 1.0 0.0013813721016049385 0.045862335711717606 1.0 1.0 1.0 1.0 0.001979120774194598 1.0 0.4912440776824951 1.0 0.293964147567749 0.919227659702301 1.0 1.0 1.0 0.293964147567749 0.919227659702301 1.0 1.0 1.0 0.9999998807907104 1.0 1.0 1.0 0.13144265115261078 0.00956609845161438 0.03459785506129265 1.0 0.026676174253225327 0.9999971389770508 0.2437821477651596 1.0 0.011628535576164722 0.13144265115261078 0.00956609845161438 0.03459785506129265 1.0 0.16626913845539093 0.9999971389770508 0.2437821477651596 1.0 0.026676174253225327 1.0 1.0 0.011628535576164722 1.0 0.16626913845539093 1.0 0.9999764561653137 0.49449411034584045 0.5 0.5 0.5007846355438232 0.7374576330184937 0.75 0.5 0.9999764561653137 0.49449411034584045 0.7374576330184937 0.75 0.5 0.0577649250626564 0.5000103712081909 0.75 0.75 0.9999764561653137 0.49449411034584045 0.5 0.5170589089393616 0.5000011920928955 0.5170589089393616 0.5000011920928955 0.998944103717804 0.75 0.75 0.5394824743270874 0.5 0.75 0.75 0.998944103717804 0.9943516850471497 1.0 1.0 1.0 1.0 1.0 0.1416883021593094 0.9943516850471497 0.9723405838012695 1.0 1.0 1.0 1.0 1.0 1.0 0.1416883021593094 0.9723405838012695 1.0</float_array>
				<technique_common>
				<accessor source="#id-controller-23-skin_weights-array" count="127" stride="1">
					<param name="WEIGHT" type="float"/>
				</accessor>
				</technique_common>
			</source>
			<joints>
				<input semantic="JOINT" source="#id-controller-23-joints"/>
				<input semantic="INV_BIND_MATRIX" source="#id-controller-23-bind_poses"/>
			</joints>
			<vertex_weights count="76">
				<input semantic="JOINT" source="#id-controller-23-joints" offset="0"/>
				<input semantic="WEIGHT" source="#id-controller-23-skin_weights" offset="1"/>
				<vcount> 2 3 2 2 2 2 2 2 1 2 1 1 3 2 1 1 3 1 1 2 1 2 2 1 1 1 2 1 1 1 1 1 1 1 3 2 2 2 3 2 2 2 1 2 2 1 2 1 2 2 1 2 2 3 2 2 1 2 2 1 2 2 2 1 1 2 2 2 1 1 2 2 1 2 1 1</vcount>
				<v> 0 0 1 1 0 2 8 3 1 4 0 5 1 6 0 7 1 8 0 9 1 10 0 11 1 12 18 13 0 14 18 15 0 16 0 17 0 18 18 19 8 20 6 21 9 22 10 23 6 24 8 25 9 26 8 27 8 28 9 29 10 30 6 31 6 32 7 33 8 34 9 35 8 36 8 37 9 38 8 39 0 40 10 41 10 42 12 43 8 44 0 45 12 46 10 47 10 48 11 49 12 50 12 51 13 52 8 53 14 54 16 55 14 56 0 57 14 58 0 59 16 60 17 61 8 62 14 63 16 64 16 65 17 66 14 67 0 68 14 69 0 70 15 71 16 72 17 73 16 74 17 75 17 76 0 77 18 78 0 79 0 80 1 81 0 82 1 83 0 84 0 85 18 86 0 87 1 88 0 89 8 90 1 91 18 92 0 93 0 94 18 95 0 96 18 97 0 98 18 99 0 100 18 101 18 102 0 103 18 104 0 105 18 106 0 107 18 108 1 109 2 110 3 111 2 112 3 113 4 114 5 115 1 116 5 117 2 118 3 119 2 120 3 121 3 122 4 123 5 124 5 125 5 126</v>
			</vertex_weights>
		</skin>
	</controller>
</library_controllers>
<library_animation_clips>
	<animation_clip name="idle" start="0.041666666666666664" end="1.6666666666666665">
		<instance_animation url="#id-anim-24"/>
		<instance_animation url="#id-anim-25"/>
		<instance_animation url="#id-anim-26"/>
		<instance_animation url="#id-anim-27"/>
		<instance_animation url="#id-anim-28"/>
		<instance_animation url="#id-anim-29"/>
		<instance_animation url="#id-anim-30"/>
		<instance_animation url="#id-anim-31"/>
		<instance_animation url="#id-anim-32"/>
		<instance_animation url="#id-anim-33"/>
		<instance_animation url="#id-anim-34"/>
		<instance_animation url="#id-anim-35"/>
		<instance_animation url="#id-anim-36"/>
		<instance_animation url="#id-anim-37"/>
		<instance_animation url="#id-anim-38"/>
		<instance_animation url="#id-anim-39"/>
		<instance_animation url="#id-anim-40"/>
		<instance_animation url="#id-anim-41"/>
		<instance_animation url="#id-anim-42"/>
		<instance_animation url="#id-anim-43"/>
	</animation_clip>
	<animation_clip name="scurry" start="0.041666666666666664" end="0.8333333333333333">
		<instance_animation url="#id-anim-44"/>
		<instance_animation url="#id-anim-45"/>
		<instance_animation url="#id-anim-46"/>
		<instance_animation url="#id-anim-47"/>
		<instance_animation url="#id-anim-48"/>
		<instance_animation url="#id-anim-49"/>
		<instance_animation url="#id-anim-50"/>
		<instance_animation url="#id-anim-51"/>
		<instance_animation url="#id-anim-52"/>
		<instance_animation url="#id-anim-53"/>
		<instance_animation url="#id-anim-54"/>
		<instance_animation url="#id-anim-55"/>
		<instance_animation url="#id-anim-56"/>
		<instance_animation url="#id-anim-57"/>
		<instance_animation url="#id-anim-58"/>
		<instance_animation url="#id-anim-59"/>
		<instance_animation url="#id-anim-60"/>
		<instance_animation url="#id-anim-61"/>
		<instance_animation url="#id-anim-62"/>
		<instance_animation url="#id-anim-63"/>
	</animation_clip>
</library_animation_clips>
<library_visual_scenes>
	<visual_scene id="id-scene-1" name="scene">
		<node id="Armature" name="Armature" type="NODE">
			<matrix sid="transform"> 0.009999990463256836 0.0 0.0 0.0 0.0 0.009999990463256836 0.0 0.0 0.0 0.0 0.009999990463256836 0.0 0.0 0.0 0.0 1.0  </matrix>
			<node id="id-bone-3" sid="id-skelbones-2-0" name="Thorax" type="JOINT">
				<matrix sid="transform"> 1.0 0.0 0.0 0.0 0.0 0.9951590299606323 0.09827849268913269 0.0 0.0 -0.09827849268913269 0.9951589703559875 0.5 0.0 0.0 0.0 1.0  </matrix>
				<node id="id-bone-4" sid="id-skelbones-2-1" name="Head" type="JOINT">
					<matrix sid="transform"> 1.0 0.0 2.3841855067985307e-07 0.0 -1.6719909012863354e-08 0.9975379705429077 0.07012838870286942 1.2718994617462158 -2.3783155711498694e-07 -0.07012839615345001 0.9975379705429077 -7.450580596923828e-09 0.0 0.0 0.0 1.0  </matrix>
					<node id="id-bone-5" sid="id-skelbones-2-2" name="Antennae1.R" type="JOINT">
						<matrix sid="transform"> 0.15050086379051208 0.3501622974872589 0.9245193004608154 4.4357463480082515e-07 0.2692410349845886 0.8853040933609009 -0.3791387677192688 0.7602376341819763 -0.9512406587600708 0.3059792220592499 0.038960982114076614 0.13951322436332703 0.0 0.0 0.0 1.0  </matrix>
						<node id="id-bone-6" sid="id-skelbones-2-3" name="Antennae2.R" type="JOINT">
							<matrix sid="transform"> 0.8864030838012695 0.28333112597465515 0.3660780191421509 7.450580596923828e-08 -0.32966920733451843 0.9415323734283447 0.06953264027833939 1.537775993347168 -0.32497355341911316 -0.18231865763664246 0.927982747554779 -1.4901161193847656e-08 0.0 0.0 0.0 1.0  </matrix>
						</node>
					</node>
					<node id="id-bone-7" sid="id-skelbones-2-4" name="Antennae1.L" type="JOINT">
						<matrix sid="transform"> 0.14559060335159302 -0.3501623868942261 -0.9253052473068237 0.004158463794738054 -0.27124980092048645 0.8853040933609009 -0.37770408391952515 0.7602376341819763 0.9514341950416565 0.30597907304763794 0.03391046077013016 0.13951322436332703 0.0 0.0 0.0 1.0  </matrix>
						<node id="id-bone-8" sid="id-skelbones-2-5" name="Antennae2.L" type="JOINT">
							<matrix sid="transform"> 0.823594868183136 -0.28429487347602844 -0.49078312516212463 -5.21540641784668e-08 0.3363810181617737 0.9415324926376343 0.019089337438344955 1.537775993347168 0.456661194562912 -0.1808120161294937 0.8710726499557495 6.705522537231445e-08 0.0 0.0 0.0 1.0  </matrix>
						</node>
					</node>
				</node>
				<node id="id-bone-9" sid="id-skelbones-2-6" name="Leg21.R" type="JOINT">
					<matrix sid="transform"> 0.06224904954433441 0.9980605244636536 -0.0001652538776397705 4.76837158203125e-07 0.09544624388217926 -0.006117790471762419 -0.9954157471656799 0.03685450181365013 -0.9934863448143005 0.06194790452718735 -0.09564194083213806 -0.3731846213340759 0.0 0.0 0.0 1.0  </matrix>
					<node id="id-bone-10" sid="id-skelbones-2-7" name="Leg22.R" type="JOINT">
						<matrix sid="transform"> 0.9503415822982788 0.30339181423187256 -0.06931277364492416 -3.895274380827374e-11 -0.3025265038013458 0.952865481376648 0.022912003099918365 2.008056402206421 0.0729970708489418 -0.0008052761550061405 0.9973317980766296 2.141131716371092e-11 0.0 0.0 0.0 1.0  </matrix>
					</node>
				</node>
				<node id="id-bone-11" sid="id-skelbones-2-8" name="Leg21.L" type="JOINT">
					<matrix sid="transform"> 0.062249042093753815 -0.9980607032775879 -0.00016517192125320435 0.004158496856689453 -0.10072867572307587 -0.006117797922343016 -0.9948950409889221 0.03685450181365013 0.992964506149292 0.061947911977767944 -0.10091415792703629 -0.3731846213340759 0.0 0.0 0.0 1.0  </matrix>
					<node id="id-bone-12" sid="id-skelbones-2-9" name="Leg22.L" type="JOINT">
						<matrix sid="transform"> 0.9503415822982788 -0.3033919036388397 -0.06931312382221222 7.4463737398389185e-09 0.302526593208313 0.952865481376648 -0.022912008687853813 2.008056163787842 0.07299740612506866 0.0008051699260249734 0.9973317980766296 1.56802348882934e-11 0.0 0.0 0.0 1.0  </matrix>
					</node>
				</node>
				<node id="id-bone-13" sid="id-skelbones-2-10" name="Leg11.R" type="JOINT">
					<matrix sid="transform"> 0.08402346819639206 0.8922846913337708 0.44358524680137634 4.76837158203125e-07 0.09556572139263153 0.43589162826538086 -0.8949109315872192 0.5344343185424805 -0.9918704628944397 0.11758501827716827 -0.0486467182636261 -0.324045330286026 0.0 0.0 0.0 1.0  </matrix>
					<node id="id-bone-14" sid="id-skelbones-2-11" name="Leg12.R" type="JOINT">
						<matrix sid="transform"> 0.9220472574234009 0.2986360490322113 0.24626295268535614 9.546056389808655e-09 -0.35630661249160767 0.9034102559089661 0.23852795362472534 1.685158371925354 -0.1512434035539627 -0.3076792061328888 0.9393929243087769 -1.94646418094635e-07 0.0 0.0 0.0 1.0  </matrix>
					</node>
				</node>
				<node id="id-bone-15" sid="id-skelbones-2-12" name="Leg11.L" type="JOINT">
					<matrix sid="transform"> 0.08166754245758057 -0.8922846913337708 -0.4440250098705292 0.004158496856689453 -0.1003149077296257 0.43589162826538086 -0.8943909406661987 0.5344343185424805 0.9915983080863953 0.11758503317832947 -0.0539112463593483 -0.324045330286026 0.0 0.0 0.0 1.0  </matrix>
					<node id="id-bone-16" sid="id-skelbones-2-13" name="Leg12.L" type="JOINT">
						<matrix sid="transform"> 0.8759735822677612 -0.30026525259017944 -0.3775063455104828 -1.862645149230957e-09 0.3881663978099823 0.9034101963043213 0.18214498460292816 1.685158371925354 0.2863512635231018 -0.3060896098613739 0.9079164266586304 -1.0710209608078003e-07 0.0 0.0 0.0 1.0  </matrix>
					</node>
				</node>
				<node id="id-bone-17" sid="id-skelbones-2-14" name="Leg31.R" type="JOINT">
					<matrix sid="transform"> 0.08166782557964325 0.8922846913337708 -0.44402509927749634 4.76837158203125e-07 0.09558530151844025 -0.4504717290401459 -0.8876591324806213 -0.46072542667388916 -0.9920653700828552 0.030050799250602722 -0.12207838147878647 -0.42232388257980347 0.0 0.0 0.0 1.0  </matrix>
					<node id="id-bone-18" sid="id-skelbones-2-15" name="Leg32.R" type="JOINT">
						<matrix sid="transform"> 0.875973641872406 0.3002651035785675 -0.3775064945220947 6.28642737865448e-09 -0.3881664276123047 0.9034104943275452 -0.18214504420757294 1.6851584911346436 0.28635141253471375 0.3060896098613739 0.9079163670539856 4.7497451305389404e-08 0.0 0.0 0.0 1.0  </matrix>
					</node>
				</node>
				<node id="id-bone-19" sid="id-skelbones-2-16" name="Leg31.L" type="JOINT">
					<matrix sid="transform"> 0.08402349799871445 -0.8922847509384155 0.4435853362083435 0.004158496856689453 -0.10029555857181549 -0.45047178864479065 -0.8871391415596008 -0.46072542667388916 0.991403341293335 0.03005080670118332 -0.12734241783618927 -0.42232388257980347 0.0 0.0 0.0 1.0  </matrix>
					<node id="id-bone-20" sid="id-skelbones-2-17" name="Leg32.L" type="JOINT">
						<matrix sid="transform"> 0.9220471382141113 -0.29863613843917847 0.2462630718946457 -1.210719347000122e-08 0.35630667209625244 0.9034102559089661 -0.23852784931659698 1.685158371925354 -0.15124355256557465 0.30767905712127686 0.9393928647041321 4.563480615615845e-08 0.0 0.0 0.0 1.0  </matrix>
					</node>
				</node>
			</node>
			<node id="id-bone-21" sid="id-skelbones-2-18" name="Abdomen" type="JOINT">
				<matrix sid="transform"> -1.0 0.0 2.5351487238367554e-06 0.0 -2.3448691877092642e-07 -0.9957131743431091 -0.09249074757099152 0.0 2.52431414082821e-06 -0.09249313175678253 0.9957004189491272 0.5 0.0 0.0 0.0 1.0  </matrix>
			</node>
			<node id="Plane" name="Plane" type="NODE">
				<matrix sid="transform"> 100.0000991821289 0.0 0.0 0.0 0.0 100.0000991821289 0.0 0.0 0.0 0.0 100.0000991821289 0.0 0.0 0.0 0.0 1.0  </matrix>
				<instance_controller url="#id-controller-23">
					<skeleton>#id-bone-3</skeleton>
					<skeleton>#id-bone-21</skeleton>
				</instance_controller>
			</node>
		</node>
	</visual_scene>
</library_visual_scenes>
<library_animations>
	<animation id="id-anim-24">
		<source id="id-anim-24-input">
			<float_array id="id-anim-24-input-array" count="40"> 0.0 0.041666666666666664 0.08333333333333334 0.125 0.16666666666666666 0.20833333333333334 0.24999999999999997 0.29166666666666663 0.3333333333333333 0.37499999999999994 0.41666666666666663 0.4583333333333333 0.49999999999999994 0.5416666666666666 0.5833333333333334 0.625 0.6666666666666666 0.7083333333333334 0.75 0.7916666666666666 0.8333333333333334 0.875 0.9166666666666666 0.9583333333333334 0.9999999999999999 1.0416666666666665 1.0833333333333333 1.1249999999999998 1.1666666666666665 1.2083333333333333 1.2499999999999998 1.2916666666666665 1.3333333333333333 1.3749999999999998 1.4166666666666665 1.4583333333333333 1.4999999999999998 1.5416666666666665 1.5833333333333333 1.6249999999999998</float_array>
			<technique_common>
				<accessor source="#id-anim-24-input-array" count="40" stride="1">
					<param name="TIME" type="float"/>
				</accessor>
			</technique_common>
		</source>
		<source id="id-anim-24-transform-output">
			<float_array id="id-anim-24-transform-output-array" count="640">  0.009999990463256836 0.0 0.0 0.0 0.0 0.009999990463256836 0.0 0.0 0.0 0.0 0.009999990463256836 0.0 0.0 0.0 0.0 1.0    0.009999990463256836 0.0 0.0 0.0 0.0 0.009999990463256836 0.0 0.0 0.0 0.0 0.009999990463256836 0.0 0.0 0.0 0.0 1.0    0.009999990463256836 0.0 0.0 0.0 0.0 0.009999990463256836 0.0 0.0 0.0 0.0 0.009999990463256836 0.0 0.0 0.0 0.0 1.0    0.009999990463256836 0.0 0.0 0.0 0.0 0.009999990463256836 0.0 0.0 0.0 0.0 0.009999990463256836 0.0 0.0 0.0 0.0 1.0    0.009999990463256836 0.0 0.0 0.0 0.0 0.009999990463256836 0.0 0.0 0.0 0.0 0.009999990463256836 0.0 0.0 0.0 0.0 1.0    0.009999990463256836 0.0 0.0 0.0 0.0 0.009999990463256836 0.0 0.0 0.0 0.0 0.009999990463256836 0.0 0.0 0.0 0.0 1.0    0.009999990463256836 0.0 0.0 0.0 0.0 0.009999990463256836 0.0 0.0 0.0 0.0 0.009999990463256836 0.0 0.0 0.0 0.0 1.0    0.009999990463256836 0.0 0.0 0.0 0.0 0.009999990463256836 0.0 0.0 0.0 0.0 0.009999990463256836 0.0 0.0 0.0 0.0 1.0    0.009999990463256836 0.0 0.0 0.0 0.0 0.009999990463256836 0.0 0.0 0.0 0.0 0.009999990463256836 0.0 0.0 0.0 0.0 1.0    0.009999990463256836 0.0 0.0 0.0 0.0 0.009999990463256836 0.0 0.0 0.0 0.0 0.009999990463256836 0.0 0.0 0.0 0.0 1.0    0.009999990463256836 0.0 0.0 0.0 0.0 0.009999990463256836 0.0 0.0 0.0 0.0 0.009999990463256836 0.0 0.0 0.0 0.0 1.0    0.009999990463256836 0.0 0.0 0.0 0.0 0.009999990463256836 0.0 0.0 0.0 0.0 0.009999990463256836 0.0 0.0 0.0 0.0 1.0    0.009999990463256836 0.0 0.0 0.0 0.0 0.009999990463256836 0.0 0.0 0.0 0.0 0.009999990463256836 0.0 0.0 0.0 0.0 1.0    0.009999990463256836 0.0 0.0 0.0 0.0 0.009999990463256836 0.0 0.0 0.0 0.0 0.009999990463256836 0.0 0.0 0.0 0.0 1.0    0.009999990463256836 0.0 0.0 0.0 0.0 0.009999990463256836 0.0 0.0 0.0 0.0 0.009999990463256836 0.0 0.0 0.0 0.0 1.0    0.009999990463256836 0.0 0.0 0.0 0.0 0.009999990463256836 0.0 0.0 0.0 0.0 0.009999990463256836 0.0 0.0 0.0 0.0 1.0    0.009999990463256836 0.0 0.0 0.0 0.0 0.009999990463256836 0.0 0.0 0.0 0.0 0.009999990463256836 0.0 0.0 0.0 0.0 1.0    0.009999990463256836 0.0 0.0 0.0 0.0 0.009999990463256836 0.0 0.0 0.0 0.0 0.009999990463256836 0.0 0.0 0.0 0.0 1.0    0.009999990463256836 0.0 0.0 0.0 0.0 0.009999990463256836 0.0 0.0 0.0 0.0 0.009999990463256836 0.0 0.0 0.0 0.0 1.0    0.009999990463256836 0.0 0.0 0.0 0.0 0.009999990463256836 0.0 0.0 0.0 0.0 0.009999990463256836 0.0 0.0 0.0 0.0 1.0    0.009999990463256836 0.0 0.0 0.0 0.0 0.009999990463256836 0.0 0.0 0.0 0.0 0.009999990463256836 0.0 0.0 0.0 0.0 1.0    0.009999990463256836 0.0 0.0 0.0 0.0 0.009999990463256836 0.0 0.0 0.0 0.0 0.009999990463256836 0.0 0.0 0.0 0.0 1.0    0.009999990463256836 0.0 0.0 0.0 0.0 0.009999990463256836 0.0 0.0 0.0 0.0 0.009999990463256836 0.0 0.0 0.0 0.0 1.0    0.009999990463256836 0.0 0.0 0.0 0.0 0.009999990463256836 0.0 0.0 0.0 0.0 0.009999990463256836 0.0 0.0 0.0 0.0 1.0    0.009999990463256836 0.0 0.0 0.0 0.0 0.009999990463256836 0.0 0.0 0.0 0.0 0.009999990463256836 0.0 0.0 0.0 0.0 1.0    0.009999990463256836 0.0 0.0 0.0 0.0 0.009999990463256836 0.0 0.0 0.0 0.0 0.009999990463256836 0.0 0.0 0.0 0.0 1.0    0.009999990463256836 0.0 0.0 0.0 0.0 0.009999990463256836 0.0 0.0 0.0 0.0 0.009999990463256836 0.0 0.0 0.0 0.0 1.0    0.009999990463256836 0.0 0.0 0.0 0.0 0.009999990463256836 0.0 0.0 0.0 0.0 0.009999990463256836 0.0 0.0 0.0 0.0 1.0    0.009999990463256836 0.0 0.0 0.0 0.0 0.009999990463256836 0.0 0.0 0.0 0.0 0.009999990463256836 0.0 0.0 0.0 0.0 1.0    0.009999990463256836 0.0 0.0 0.0 0.0 0.009999990463256836 0.0 0.0 0.0 0.0 0.009999990463256836 0.0 0.0 0.0 0.0 1.0    0.009999990463256836 0.0 0.0 0.0 0.0 0.009999990463256836 0.0 0.0 0.0 0.0 0.009999990463256836 0.0 0.0 0.0 0.0 1.0    0.009999990463256836 0.0 0.0 0.0 0.0 0.009999990463256836 0.0 0.0 0.0 0.0 0.009999990463256836 0.0 0.0 0.0 0.0 1.0    0.009999990463256836 0.0 0.0 0.0 0.0 0.009999990463256836 0.0 0.0 0.0 0.0 0.009999990463256836 0.0 0.0 0.0 0.0 1.0    0.009999990463256836 0.0 0.0 0.0 0.0 0.009999990463256836 0.0 0.0 0.0 0.0 0.009999990463256836 0.0 0.0 0.0 0.0 1.0    0.009999990463256836 0.0 0.0 0.0 0.0 0.009999990463256836 0.0 0.0 0.0 0.0 0.009999990463256836 0.0 0.0 0.0 0.0 1.0    0.009999990463256836 0.0 0.0 0.0 0.0 0.009999990463256836 0.0 0.0 0.0 0.0 0.009999990463256836 0.0 0.0 0.0 0.0 1.0    0.009999990463256836 0.0 0.0 0.0 0.0 0.009999990463256836 0.0 0.0 0.0 0.0 0.009999990463256836 0.0 0.0 0.0 0.0 1.0    0.009999990463256836 0.0 0.0 0.0 0.0 0.009999990463256836 0.0 0.0 0.0 0.0 0.009999990463256836 0.0 0.0 0.0 0.0 1.0    0.009999990463256836 0.0 0.0 0.0 0.0 0.009999990463256836 0.0 0.0 0.0 0.0 0.009999990463256836 0.0 0.0 0.0 0.0 1.0    0.009999990463256836 0.0 0.0 0.0 0.0 0.009999990463256836 0.0 0.0 0.0 0.0 0.009999990463256836 0.0 0.0 0.0 0.0 1.0  </float_array>
			<technique_common>
				<accessor source="#id-anim-24-transform-output-array" count="40" stride="16">
					<param name="TRANSFORM" type="float4x4"/>
				</accessor>
			</technique_common>
		</source>
		<source id="id-anim-24-interpolation-output">
			<Name_array id="id-anim-24-interpolation-output-array" count="40"> LINEAR LINEAR LINEAR LINEAR LINEAR LINEAR LINEAR LINEAR LINEAR LINEAR LINEAR LINEAR LINEAR LINEAR LINEAR LINEAR LINEAR LINEAR LINEAR LINEAR LINEAR LINEAR LINEAR LINEAR LINEAR LINEAR LINEAR LINEAR LINEAR LINEAR LINEAR LINEAR LINEAR LINEAR LINEAR LINEAR LINEAR LINEAR LINEAR LINEAR</Name_array>
			<technique_common>
				<accessor source="#id-anim-24-interpolation-output-array" count="40" stride="1">
					<param name="INTERPOLATION" type="Name"/>
				</accessor>
			</technique_common>
		</source>
		<sampler id="id-anim-24-sampler">
			<input semantic="INPUT" source="#id-anim-24-input"/>
			<input semantic="OUTPUT" source="#id-anim-24-transform-output"/>
			<input semantic="INTERPOLATION" source="#id-anim-24-interpolation-output"/>
		</sampler>
		<channel source="#id-anim-24-sampler" target="Armature/transform"/>
	</animation>
	<animation id="id-anim-25">
		<source id="id-anim-25-input">
